#          k/h    CDM            baryon         photon         nu             mass_nu        total          no_nu          total_de       Weyl           v_CDM          v_b            v_b-v_c     
   0.743273E-04   0.199074E+08   0.199074E+08   0.258373E+08   0.258363E+08   0.000000E+00   0.199074E+08   0.199074E+08   0.199149E+08  -0.472430E+00   0.104740E+08   0.104740E+08   0.416081E-01
   0.103732E-03   0.199061E+08   0.199061E+08   0.251826E+08   0.251807E+08   0.000000E+00   0.199061E+08   0.199061E+08   0.199135E+08  -0.472392E+00   0.104734E+08   0.104734E+08   0.579990E-01
   0.144770E-03   0.199036E+08   0.199036E+08   0.239506E+08   0.239472E+08   0.000000E+00   0.199036E+08   0.199036E+08   0.199106E+08  -0.472317E+00   0.104720E+08   0.104720E+08   0.807551E-01
   0.202043E-03   0.198988E+08   0.198988E+08   0.217080E+08   0.217025E+08   0.000000E+00   0.198988E+08   0.198988E+08   0.199052E+08  -0.472174E+00   0.104695E+08   0.104695E+08   0.112201E+00
   0.281973E-03   0.198896E+08   0.198896E+08   0.178840E+08   0.178770E+08   0.000000E+00   0.198896E+08   0.198896E+08   0.198948E+08  -0.471904E+00   0.104645E+08   0.104645E+08   0.155287E+00
   0.393525E-03   0.198722E+08   0.198722E+08   0.121669E+08   0.121640E+08   0.000000E+00   0.198722E+08   0.198722E+08   0.198758E+08  -0.471410E+00   0.104552E+08   0.104552E+08   0.213474E+00
   0.549209E-03   0.198402E+08   0.198402E+08   0.565999E+07   0.567686E+07   0.000000E+00   0.198402E+08   0.198402E+08   0.198419E+08  -0.470545E+00   0.104381E+08   0.104381E+08   0.290434E+00
   0.766483E-03   0.197836E+08   0.197835E+08   0.161674E+07   0.166657E+07   0.000000E+00   0.197836E+08   0.197836E+08   0.197841E+08  -0.469106E+00   0.104079E+08   0.104079E+08   0.390076E+00
   0.106971E-02   0.196879E+08   0.196877E+08   0.880623E+06   0.930306E+06   0.000000E+00   0.196878E+08   0.196878E+08   0.196881E+08  -0.466792E+00   0.103570E+08   0.103570E+08   0.518075E+00
   0.149290E-02   0.195325E+08   0.195322E+08   0.189882E+06   0.220162E+06   0.000000E+00   0.195324E+08   0.195324E+08   0.195325E+08  -0.463089E+00   0.102749E+08   0.102749E+08   0.682895E+00
   0.208352E-02   0.192886E+08   0.192881E+08  -0.109176E+06  -0.109226E+06   0.000000E+00   0.192885E+08   0.192885E+08   0.192885E+08  -0.457294E+00   0.101465E+08   0.101464E+08   0.894594E+00
   0.290778E-02   0.189180E+08   0.189170E+08  -0.549660E+05  -0.549913E+05   0.000000E+00   0.189178E+08   0.189178E+08   0.189178E+08  -0.448503E+00   0.995133E+07   0.995132E+07   0.116564E+01
   0.405814E-02   0.183741E+08   0.183723E+08  -0.274064E+05  -0.274190E+05   0.000000E+00   0.183738E+08   0.183738E+08   0.183738E+08  -0.435603E+00   0.966509E+07   0.966507E+07   0.151068E+01
   0.419569E-02   0.183082E+08   0.183062E+08  -0.255467E+05  -0.255585E+05   0.000000E+00   0.183078E+08   0.183078E+08   0.183078E+08  -0.434040E+00   0.963041E+07   0.963039E+07   0.154986E+01
   0.433790E-02   0.182399E+08   0.182379E+08  -0.238099E+05  -0.238209E+05   0.000000E+00   0.182396E+08   0.182396E+08   0.182396E+08  -0.432422E+00   0.959451E+07   0.959449E+07   0.158995E+01
   0.448493E-02   0.181693E+08   0.181672E+08  -0.221880E+05  -0.221982E+05   0.000000E+00   0.181690E+08   0.181690E+08   0.181690E+08  -0.430748E+00   0.955736E+07   0.955734E+07   0.163098E+01
   0.463695E-02   0.180963E+08   0.180940E+08  -0.206735E+05  -0.206830E+05   0.000000E+00   0.180960E+08   0.180960E+08   0.180960E+08  -0.429017E+00   0.951895E+07   0.951892E+07   0.167294E+01
   0.479412E-02   0.180209E+08   0.180184E+08  -0.192594E+05  -0.192683E+05   0.000000E+00   0.180205E+08   0.180205E+08   0.180205E+08  -0.427227E+00   0.947923E+07   0.947920E+07   0.171586E+01
   0.495662E-02   0.179428E+08   0.179402E+08  -0.179392E+05  -0.179475E+05   0.000000E+00   0.179424E+08   0.179424E+08   0.179424E+08  -0.425377E+00   0.943817E+07   0.943815E+07   0.175975E+01
   0.512462E-02   0.178622E+08   0.178594E+08  -0.167068E+05  -0.167144E+05   0.000000E+00   0.178618E+08   0.178618E+08   0.178618E+08  -0.423465E+00   0.939576E+07   0.939573E+07   0.180462E+01
   0.529832E-02   0.177790E+08   0.177760E+08  -0.155564E+05  -0.155635E+05   0.000000E+00   0.177785E+08   0.177785E+08   0.177785E+08  -0.421491E+00   0.935195E+07   0.935192E+07   0.185048E+01
   0.547791E-02   0.176931E+08   0.176899E+08  -0.144827E+05  -0.144893E+05   0.000000E+00   0.176926E+08   0.176926E+08   0.176925E+08  -0.419452E+00   0.930672E+07   0.930669E+07   0.189734E+01
   0.566358E-02   0.176044E+08   0.176010E+08  -0.134806E+05  -0.134868E+05   0.000000E+00   0.176038E+08   0.176038E+08   0.176038E+08  -0.417348E+00   0.926004E+07   0.926001E+07   0.194521E+01
   0.585555E-02   0.175128E+08   0.175092E+08  -0.125456E+05  -0.125514E+05   0.000000E+00   0.175123E+08   0.175123E+08   0.175123E+08  -0.415178E+00   0.921188E+07   0.921185E+07   0.199409E+01
   0.605403E-02   0.174185E+08   0.174146E+08  -0.116732E+05  -0.116786E+05   0.000000E+00   0.174179E+08   0.174179E+08   0.174178E+08  -0.412940E+00   0.916222E+07   0.916218E+07   0.204399E+01
   0.625923E-02   0.173212E+08   0.173171E+08  -0.108593E+05  -0.108643E+05   0.000000E+00   0.173205E+08   0.173205E+08   0.173205E+08  -0.410632E+00   0.911101E+07   0.911097E+07   0.209491E+01
   0.647139E-02   0.172209E+08   0.172165E+08  -0.101001E+05  -0.101047E+05   0.000000E+00   0.172202E+08   0.172202E+08   0.172202E+08  -0.408253E+00   0.905824E+07   0.905819E+07   0.214684E+01
   0.669073E-02   0.171175E+08   0.171129E+08  -0.939196E+04  -0.939628E+04   0.000000E+00   0.171168E+08   0.171168E+08   0.171168E+08  -0.405803E+00   0.900386E+07   0.900382E+07   0.219980E+01
   0.691752E-02   0.170111E+08   0.170062E+08  -0.873158E+04  -0.873559E+04   0.000000E+00   0.170104E+08   0.170104E+08   0.170104E+08  -0.403279E+00   0.894786E+07   0.894781E+07   0.225376E+01
   0.715199E-02   0.169016E+08   0.168963E+08  -0.811580E+04  -0.811953E+04   0.000000E+00   0.169007E+08   0.169007E+08   0.169007E+08  -0.400680E+00   0.889020E+07   0.889015E+07   0.230872E+01
   0.739440E-02   0.167888E+08   0.167832E+08  -0.754169E+04  -0.754516E+04   0.000000E+00   0.167879E+08   0.167879E+08   0.167879E+08  -0.398005E+00   0.883085E+07   0.883080E+07   0.236466E+01
   0.764504E-02   0.166728E+08   0.166668E+08  -0.700651E+04  -0.700973E+04   0.000000E+00   0.166718E+08   0.166718E+08   0.166718E+08  -0.395253E+00   0.876979E+07   0.876973E+07   0.242157E+01
   0.790417E-02   0.165534E+08   0.165471E+08  -0.650769E+04  -0.651068E+04   0.000000E+00   0.165524E+08   0.165524E+08   0.165524E+08  -0.392422E+00   0.870698E+07   0.870692E+07   0.247943E+01
   0.817208E-02   0.164307E+08   0.164240E+08  -0.604282E+04  -0.604560E+04   0.000000E+00   0.164297E+08   0.164297E+08   0.164297E+08  -0.389511E+00   0.864239E+07   0.864233E+07   0.253819E+01
   0.844907E-02   0.163046E+08   0.162974E+08  -0.560967E+04  -0.561225E+04   0.000000E+00   0.163034E+08   0.163034E+08   0.163034E+08  -0.386519E+00   0.857600E+07   0.857593E+07   0.259784E+01
   0.873546E-02   0.161749E+08   0.161674E+08  -0.520613E+04  -0.520852E+04   0.000000E+00   0.161737E+08   0.161737E+08   0.161737E+08  -0.383444E+00   0.850777E+07   0.850770E+07   0.265832E+01
   0.903155E-02   0.160417E+08   0.160337E+08  -0.483024E+04  -0.483246E+04   0.000000E+00   0.160405E+08   0.160405E+08   0.160405E+08  -0.380285E+00   0.843768E+07   0.843761E+07   0.271958E+01
   0.933767E-02   0.159050E+08   0.158964E+08  -0.448017E+04  -0.448223E+04   0.000000E+00   0.159036E+08   0.159036E+08   0.159036E+08  -0.377040E+00   0.836569E+07   0.836562E+07   0.278158E+01
   0.965417E-02   0.157646E+08   0.157555E+08  -0.415420E+04  -0.415611E+04   0.000000E+00   0.157631E+08   0.157631E+08   0.157631E+08  -0.373709E+00   0.829178E+07   0.829170E+07   0.284424E+01
   0.998140E-02   0.156204E+08   0.156108E+08  -0.385073E+04  -0.385250E+04   0.000000E+00   0.156189E+08   0.156189E+08   0.156189E+08  -0.370290E+00   0.821592E+07   0.821583E+07   0.290748E+01
   0.103197E-01   0.154725E+08   0.154623E+08  -0.356825E+04  -0.356989E+04   0.000000E+00   0.154709E+08   0.154709E+08   0.154709E+08  -0.366782E+00   0.813808E+07   0.813799E+07   0.297122E+01
   0.106695E-01   0.153208E+08   0.153100E+08  -0.330537E+04  -0.330689E+04   0.000000E+00   0.153191E+08   0.153191E+08   0.153191E+08  -0.363183E+00   0.805823E+07   0.805813E+07   0.303537E+01
   0.110312E-01   0.151652E+08   0.151538E+08  -0.306077E+04  -0.306218E+04   0.000000E+00   0.151635E+08   0.151635E+08   0.151635E+08  -0.359492E+00   0.797634E+07   0.797624E+07   0.309980E+01
   0.114051E-01   0.150058E+08   0.149936E+08  -0.283324E+04  -0.283454E+04   0.000000E+00   0.150039E+08   0.150039E+08   0.150039E+08  -0.355709E+00   0.789239E+07   0.789228E+07   0.316441E+01
   0.117916E-01   0.148423E+08   0.148295E+08  -0.262162E+04  -0.262283E+04   0.000000E+00   0.148403E+08   0.148403E+08   0.148403E+08  -0.351831E+00   0.780635E+07   0.780624E+07   0.322903E+01
   0.121913E-01   0.146748E+08   0.146613E+08  -0.242485E+04  -0.242597E+04   0.000000E+00   0.146727E+08   0.146727E+08   0.146727E+08  -0.347858E+00   0.771820E+07   0.771808E+07   0.329354E+01
   0.126045E-01   0.145033E+08   0.144889E+08  -0.224193E+04  -0.224296E+04   0.000000E+00   0.145011E+08   0.145011E+08   0.145011E+08  -0.343789E+00   0.762792E+07   0.762779E+07   0.335774E+01
   0.130318E-01   0.143277E+08   0.143125E+08  -0.207193E+04  -0.207288E+04   0.000000E+00   0.143253E+08   0.143253E+08   0.143253E+08  -0.339622E+00   0.753548E+07   0.753534E+07   0.342145E+01
   0.134735E-01   0.141480E+08   0.141319E+08  -0.191397E+04  -0.191485E+04   0.000000E+00   0.141455E+08   0.141455E+08   0.141455E+08  -0.335358E+00   0.744086E+07   0.744072E+07   0.348446E+01
   0.139302E-01   0.139641E+08   0.139471E+08  -0.176724E+04  -0.176805E+04   0.000000E+00   0.139614E+08   0.139614E+08   0.139614E+08  -0.330995E+00   0.734405E+07   0.734390E+07   0.354655E+01
   0.144023E-01   0.137760E+08   0.137581E+08  -0.163097E+04  -0.163172E+04   0.000000E+00   0.137732E+08   0.137732E+08   0.137732E+08  -0.326532E+00   0.724504E+07   0.724488E+07   0.360746E+01
   0.148905E-01   0.135837E+08   0.135648E+08  -0.150447E+04  -0.150516E+04   0.000000E+00   0.135808E+08   0.135808E+08   0.135808E+08  -0.321970E+00   0.714381E+07   0.714365E+07   0.366691E+01
   0.153952E-01   0.133872E+08   0.133673E+08  -0.138706E+04  -0.138770E+04   0.000000E+00   0.133841E+08   0.133841E+08   0.133841E+08  -0.317307E+00   0.704036E+07   0.704019E+07   0.372462E+01
   0.159170E-01   0.131865E+08   0.131655E+08  -0.127814E+04  -0.127872E+04   0.000000E+00   0.131832E+08   0.131832E+08   0.131832E+08  -0.312545E+00   0.693470E+07   0.693452E+07   0.378025E+01
   0.164565E-01   0.129816E+08   0.129595E+08  -0.117711E+04  -0.117765E+04   0.000000E+00   0.129781E+08   0.129781E+08   0.129781E+08  -0.307683E+00   0.682682E+07   0.682663E+07   0.383347E+01
   0.170143E-01   0.127725E+08   0.127493E+08  -0.108344E+04  -0.108394E+04   0.000000E+00   0.127689E+08   0.127689E+08   0.127689E+08  -0.302722E+00   0.671674E+07   0.671655E+07   0.388389E+01
   0.175910E-01   0.125833E+08   0.125590E+08  -0.998533E+03  -0.998992E+03   0.000000E+00   0.125795E+08   0.125795E+08   0.125795E+08  -0.298232E+00   0.661712E+07   0.661691E+07   0.392784E+01
   0.181873E-01   0.123680E+08   0.123425E+08  -0.918138E+03  -0.918560E+03   0.000000E+00   0.123640E+08   0.123640E+08   0.123640E+08  -0.293124E+00   0.650379E+07   0.650358E+07   0.397108E+01
   0.188038E-01   0.121488E+08   0.121221E+08  -0.843685E+03  -0.844074E+03   0.000000E+00   0.121446E+08   0.121446E+08   0.121446E+08  -0.287922E+00   0.638839E+07   0.638816E+07   0.401024E+01
   0.194411E-01   0.119257E+08   0.118978E+08  -0.774766E+03  -0.775122E+03   0.000000E+00   0.119214E+08   0.119214E+08   0.119214E+08  -0.282629E+00   0.627094E+07   0.627071E+07   0.404483E+01
   0.201001E-01   0.116989E+08   0.116697E+08  -0.710998E+03  -0.711325E+03   0.000000E+00   0.116943E+08   0.116943E+08   0.116943E+08  -0.277247E+00   0.615152E+07   0.615127E+07   0.407436E+01
   0.207814E-01   0.114684E+08   0.114379E+08  -0.652026E+03  -0.652326E+03   0.000000E+00   0.114637E+08   0.114637E+08   0.114637E+08  -0.271778E+00   0.603018E+07   0.602993E+07   0.409830E+01
   0.214858E-01   0.112345E+08   0.112027E+08  -0.597518E+03  -0.597793E+03   0.000000E+00   0.112295E+08   0.112295E+08   0.112295E+08  -0.266227E+00   0.590702E+07   0.590675E+07   0.411612E+01
   0.222140E-01   0.109973E+08   0.109641E+08  -0.547165E+03  -0.547417E+03   0.000000E+00   0.109921E+08   0.109921E+08   0.109921E+08  -0.260598E+00   0.578212E+07   0.578184E+07   0.412724E+01
   0.229670E-01   0.107361E+08   0.107017E+08  -0.499707E+03  -0.499936E+03   0.000000E+00   0.107307E+08   0.107307E+08   0.107307E+08  -0.254401E+00   0.564463E+07   0.564434E+07   0.413386E+01
   0.237454E-01   0.104922E+08   0.104565E+08  -0.456846E+03  -0.457056E+03   0.000000E+00   0.104866E+08   0.104866E+08   0.104866E+08  -0.248614E+00   0.551622E+07   0.551593E+07   0.412999E+01
   0.245503E-01   0.102458E+08   0.102089E+08  -0.417337E+03  -0.417529E+03   0.000000E+00   0.102400E+08   0.102400E+08   0.102400E+08  -0.242769E+00   0.538654E+07   0.538623E+07   0.411769E+01
   0.253824E-01   0.999739E+07   0.995922E+07  -0.380944E+03  -0.381119E+03   0.000000E+00   0.999141E+07   0.999141E+07   0.999141E+07  -0.236874E+00   0.525576E+07   0.525544E+07   0.409640E+01
   0.262428E-01   0.974727E+07   0.970792E+07  -0.347449E+03  -0.347609E+03   0.000000E+00   0.974111E+07   0.974111E+07   0.974111E+07  -0.230940E+00   0.512409E+07   0.512377E+07   0.406556E+01
   0.271323E-01   0.949591E+07   0.945544E+07  -0.316649E+03  -0.316795E+03   0.000000E+00   0.948957E+07   0.948957E+07   0.948957E+07  -0.224977E+00   0.499178E+07   0.499145E+07   0.402463E+01
   0.280519E-01   0.925126E+07   0.920976E+07  -0.288587E+03  -0.288720E+03   0.000000E+00   0.924476E+07   0.924476E+07   0.924476E+07  -0.219173E+00   0.486300E+07   0.486267E+07   0.397225E+01
   0.290027E-01   0.899877E+07   0.895631E+07  -0.262598E+03  -0.262719E+03   0.000000E+00   0.899212E+07   0.899212E+07   0.899212E+07  -0.213183E+00   0.473011E+07   0.472977E+07   0.390977E+01
   0.299858E-01   0.874658E+07   0.870328E+07  -0.238770E+03  -0.238880E+03   0.000000E+00   0.873980E+07   0.873980E+07   0.873980E+07  -0.207201E+00   0.459738E+07   0.459704E+07   0.383591E+01
   0.310022E-01   0.849533E+07   0.845129E+07  -0.216948E+03  -0.217048E+03   0.000000E+00   0.848844E+07   0.848844E+07   0.848844E+07  -0.201242E+00   0.446516E+07   0.446481E+07   0.375039E+01
   0.320530E-01   0.824570E+07   0.820107E+07  -0.196986E+03  -0.197077E+03   0.000000E+00   0.823871E+07   0.823871E+07   0.823871E+07  -0.195322E+00   0.433380E+07   0.433345E+07   0.365303E+01
   0.331394E-01   0.799841E+07   0.795334E+07  -0.178750E+03  -0.178832E+03   0.000000E+00   0.799135E+07   0.799135E+07   0.799135E+07  -0.189457E+00   0.420368E+07   0.420333E+07   0.354375E+01
   0.342627E-01   0.775421E+07   0.770888E+07  -0.162112E+03  -0.162186E+03   0.000000E+00   0.774711E+07   0.774711E+07   0.774711E+07  -0.183667E+00   0.407521E+07   0.407486E+07   0.342265E+01
   0.354240E-01   0.751396E+07   0.746855E+07  -0.146954E+03  -0.147021E+03   0.000000E+00   0.750684E+07   0.750684E+07   0.750684E+07  -0.177971E+00   0.394882E+07   0.394847E+07   0.328986E+01
   0.366247E-01   0.727832E+07   0.723304E+07  -0.133161E+03  -0.133223E+03   0.000000E+00   0.727122E+07   0.727122E+07   0.727122E+07  -0.172385E+00   0.382488E+07   0.382454E+07   0.314595E+01
   0.378661E-01   0.704740E+07   0.700246E+07  -0.120618E+03  -0.120674E+03   0.000000E+00   0.704036E+07   0.704036E+07   0.704036E+07  -0.166911E+00   0.370344E+07   0.370310E+07   0.299156E+01
   0.391496E-01   0.682164E+07   0.677728E+07  -0.109223E+03  -0.109273E+03   0.000000E+00   0.681470E+07   0.681470E+07   0.681470E+07  -0.161561E+00   0.358473E+07   0.358440E+07   0.282755E+01
   0.404766E-01   0.660277E+07   0.655921E+07  -0.988987E+02  -0.989442E+02   0.000000E+00   0.659595E+07   0.659595E+07   0.659595E+07  -0.156375E+00   0.346967E+07   0.346935E+07   0.265488E+01
   0.418485E-01   0.639164E+07   0.634913E+07  -0.895612E+02  -0.896024E+02   0.000000E+00   0.638498E+07   0.638498E+07   0.638498E+07  -0.151374E+00   0.335869E+07   0.335838E+07   0.247482E+01
   0.432670E-01   0.618896E+07   0.614773E+07  -0.811279E+02  -0.811653E+02   0.000000E+00   0.618250E+07   0.618250E+07   0.618250E+07  -0.146573E+00   0.325218E+07   0.325188E+07   0.228894E+01
   0.447335E-01   0.599521E+07   0.595550E+07  -0.735200E+02  -0.735538E+02   0.000000E+00   0.598899E+07   0.598899E+07   0.598899E+07  -0.141986E+00   0.315039E+07   0.315010E+07   0.209901E+01
   0.462498E-01   0.581065E+07   0.577268E+07  -0.666618E+02  -0.666925E+02   0.000000E+00   0.580470E+07   0.580470E+07   0.580470E+07  -0.137617E+00   0.305344E+07   0.305318E+07   0.190707E+01
   0.478174E-01   0.563525E+07   0.559921E+07  -0.604811E+02  -0.605090E+02   0.000000E+00   0.562961E+07   0.562961E+07   0.562960E+07  -0.133466E+00   0.296134E+07   0.296109E+07   0.171537E+01
   0.494382E-01   0.546871E+07   0.543479E+07  -0.549097E+02  -0.549350E+02   0.000000E+00   0.546340E+07   0.546340E+07   0.546340E+07  -0.129525E+00   0.287390E+07   0.287368E+07   0.152633E+01
   0.511139E-01   0.531051E+07   0.527884E+07  -0.498839E+02  -0.499069E+02   0.000000E+00   0.530555E+07   0.530555E+07   0.530555E+07  -0.125783E+00   0.279087E+07   0.279066E+07   0.134251E+01
   0.528464E-01   0.515993E+07   0.513061E+07  -0.453451E+02  -0.453660E+02   0.000000E+00   0.515534E+07   0.515534E+07   0.515534E+07  -0.122222E+00   0.271185E+07   0.271167E+07   0.116649E+01
   0.546377E-01   0.501616E+07   0.498924E+07  -0.412404E+02  -0.412594E+02   0.000000E+00   0.501195E+07   0.501195E+07   0.501195E+07  -0.118822E+00   0.263642E+07   0.263626E+07   0.100092E+01
   0.564896E-01   0.487831E+07   0.485379E+07  -0.375221E+02  -0.375393E+02   0.000000E+00   0.487447E+07   0.487447E+07   0.487447E+07  -0.115563E+00   0.256410E+07   0.256396E+07   0.848249E+00
   0.584043E-01   0.474637E+07   0.472418E+07  -0.341544E+02  -0.341701E+02   0.000000E+00   0.474289E+07   0.474289E+07   0.474289E+07  -0.112444E+00   0.249489E+07   0.249476E+07   0.710757E+00
   0.611572E-01   0.457455E+07   0.455535E+07  -0.300231E+02  -0.300369E+02   0.000000E+00   0.457154E+07   0.457154E+07   0.457154E+07  -0.108381E+00   0.240475E+07   0.240465E+07   0.548955E+00
   0.639101E-01   0.441077E+07   0.439406E+07  -0.265095E+02  -0.265217E+02   0.000000E+00   0.440815E+07   0.440815E+07   0.440815E+07  -0.104508E+00   0.231880E+07   0.231872E+07   0.428519E+00
   0.666629E-01   0.425383E+07   0.423904E+07  -0.234993E+02  -0.235101E+02   0.000000E+00   0.425151E+07   0.425151E+07   0.425151E+07  -0.100794E+00   0.223640E+07   0.223633E+07   0.345800E+00
   0.694158E-01   0.410043E+07   0.408698E+07  -0.208915E+02  -0.209011E+02   0.000000E+00   0.409833E+07   0.409833E+07   0.409833E+07  -0.971623E-01   0.215582E+07   0.215576E+07   0.296049E+00
   0.721687E-01   0.394843E+07   0.393575E+07  -0.186118E+02  -0.186203E+02   0.000000E+00   0.394645E+07   0.394645E+07   0.394645E+07  -0.935615E-01   0.207593E+07   0.207587E+07   0.273603E+00
   0.749215E-01   0.379681E+07   0.378440E+07  -0.166060E+02  -0.166136E+02   0.000000E+00   0.379487E+07   0.379487E+07   0.379487E+07  -0.899680E-01   0.199620E+07   0.199613E+07   0.272313E+00
   0.776744E-01   0.364564E+07   0.363307E+07  -0.148343E+02  -0.148411E+02   0.000000E+00   0.364367E+07   0.364367E+07   0.364367E+07  -0.863834E-01   0.191666E+07   0.191660E+07   0.285933E+00
   0.804273E-01   0.349577E+07   0.348273E+07  -0.132669E+02  -0.132730E+02   0.000000E+00   0.349373E+07   0.349373E+07   0.349373E+07  -0.828286E-01   0.183779E+07   0.183772E+07   0.308510E+00
   0.831801E-01   0.334856E+07   0.333484E+07  -0.118804E+02  -0.118859E+02   0.000000E+00   0.334641E+07   0.334641E+07   0.334641E+07  -0.793359E-01   0.176030E+07   0.176021E+07   0.334678E+00
   0.859330E-01   0.320554E+07   0.319107E+07  -0.106554E+02  -0.106603E+02   0.000000E+00   0.320327E+07   0.320327E+07   0.320327E+07  -0.759425E-01   0.168501E+07   0.168491E+07   0.359895E+00
   0.886858E-01   0.306826E+07   0.305306E+07  -0.957519E+01  -0.957960E+01   0.000000E+00   0.306588E+07   0.306588E+07   0.306588E+07  -0.726852E-01   0.161274E+07   0.161264E+07   0.380593E+00
   0.914387E-01   0.293815E+07   0.292233E+07  -0.862488E+01  -0.862884E+01   0.000000E+00   0.293567E+07   0.293567E+07   0.293567E+07  -0.695983E-01   0.154424E+07   0.154414E+07   0.394242E+00
   0.941916E-01   0.281646E+07   0.280021E+07  -0.779106E+01  -0.779464E+01   0.000000E+00   0.281391E+07   0.281391E+07   0.281391E+07  -0.667117E-01   0.148020E+07   0.148009E+07   0.399342E+00
   0.969444E-01   0.270422E+07   0.268778E+07  -0.706146E+01  -0.706471E+01   0.000000E+00   0.270164E+07   0.270164E+07   0.270164E+07  -0.640500E-01   0.142114E+07   0.142103E+07   0.395349E+00
   0.996973E-01   0.260211E+07   0.258575E+07  -0.642460E+01  -0.642756E+01   0.000000E+00   0.259955E+07   0.259955E+07   0.259955E+07  -0.616296E-01   0.136744E+07   0.136733E+07   0.382554E+00
   0.102450E+00   0.251040E+07   0.249438E+07  -0.586947E+01  -0.587217E+01   0.000000E+00   0.250789E+07   0.250789E+07   0.250789E+07  -0.594566E-01   0.131923E+07   0.131911E+07   0.361936E+00
   0.105203E+00   0.242884E+07   0.241340E+07  -0.538547E+01  -0.538795E+01   0.000000E+00   0.242642E+07   0.242642E+07   0.242642E+07  -0.575251E-01   0.127637E+07   0.127626E+07   0.334981E+00
   0.107956E+00   0.235669E+07   0.234205E+07  -0.496247E+01  -0.496476E+01   0.000000E+00   0.235439E+07   0.235439E+07   0.235439E+07  -0.558175E-01   0.123848E+07   0.123838E+07   0.303506E+00
   0.110709E+00   0.229285E+07   0.227917E+07  -0.459106E+01  -0.459318E+01   0.000000E+00   0.229070E+07   0.229070E+07   0.229070E+07  -0.543075E-01   0.120498E+07   0.120489E+07   0.269478E+00
   0.113462E+00   0.223598E+07   0.222336E+07  -0.426275E+01  -0.426471E+01   0.000000E+00   0.223400E+07   0.223400E+07   0.223400E+07  -0.529632E-01   0.117515E+07   0.117507E+07   0.234849E+00
   0.116214E+00   0.218465E+07   0.217314E+07  -0.397011E+01  -0.397194E+01   0.000000E+00   0.218285E+07   0.218285E+07   0.218285E+07  -0.517504E-01   0.114824E+07   0.114817E+07   0.201415E+00
   0.118967E+00   0.213744E+07   0.212700E+07  -0.370681E+01  -0.370852E+01   0.000000E+00   0.213580E+07   0.213580E+07   0.213580E+07  -0.506351E-01   0.112349E+07   0.112343E+07   0.170706E+00
   0.121720E+00   0.209295E+07   0.208351E+07  -0.346751E+01  -0.346910E+01   0.000000E+00   0.209147E+07   0.209147E+07   0.209147E+07  -0.495841E-01   0.110017E+07   0.110012E+07   0.143912E+00
   0.124473E+00   0.204988E+07   0.204132E+07  -0.324773E+01  -0.324923E+01   0.000000E+00   0.204854E+07   0.204854E+07   0.204854E+07  -0.485663E-01   0.107758E+07   0.107754E+07   0.121835E+00
   0.127226E+00   0.200704E+07   0.199920E+07  -0.304385E+01  -0.304525E+01   0.000000E+00   0.200581E+07   0.200581E+07   0.200581E+07  -0.475533E-01   0.105511E+07   0.105507E+07   0.104888E+00
   0.129979E+00   0.196346E+07   0.195617E+07  -0.285304E+01  -0.285435E+01   0.000000E+00   0.196232E+07   0.196232E+07   0.196232E+07  -0.465223E-01   0.103223E+07   0.103219E+07   0.931054E-01
   0.132732E+00   0.191849E+07   0.191156E+07  -0.267329E+01  -0.267452E+01   0.000000E+00   0.191740E+07   0.191740E+07   0.191740E+07  -0.454574E-01   0.100860E+07   0.100857E+07   0.861858E-01
   0.135485E+00   0.187184E+07   0.186510E+07  -0.250338E+01  -0.250453E+01   0.000000E+00   0.187079E+07   0.187079E+07   0.187079E+07  -0.443522E-01   0.984080E+06   0.984046E+06   0.835529E-01
   0.138237E+00   0.182364E+07   0.181692E+07  -0.234272E+01  -0.234380E+01   0.000000E+00   0.182258E+07   0.182258E+07   0.182258E+07  -0.432094E-01   0.958725E+06   0.958690E+06   0.844270E-01
   0.140990E+00   0.177430E+07   0.176749E+07  -0.219116E+01  -0.219217E+01   0.000000E+00   0.177323E+07   0.177323E+07   0.177323E+07  -0.420395E-01   0.932767E+06   0.932730E+06   0.879032E-01
   0.143743E+00   0.172447E+07   0.171745E+07  -0.204877E+01  -0.204971E+01   0.000000E+00   0.172337E+07   0.172337E+07   0.172337E+07  -0.408572E-01   0.906536E+06   0.906496E+06   0.930292E-01
   0.146496E+00   0.167482E+07   0.166755E+07  -0.191564E+01  -0.191652E+01   0.000000E+00   0.167368E+07   0.167368E+07   0.167368E+07  -0.396793E-01   0.880401E+06   0.880357E+06   0.988776E-01
   0.149249E+00   0.162603E+07   0.161848E+07  -0.179178E+01  -0.179261E+01   0.000000E+00   0.162484E+07   0.162484E+07   0.162484E+07  -0.385214E-01   0.854711E+06   0.854664E+06   0.104605E+00
   0.152002E+00   0.157867E+07   0.157086E+07  -0.167709E+01  -0.167787E+01   0.000000E+00   0.157745E+07   0.157745E+07   0.157745E+07  -0.373978E-01   0.829781E+06   0.829731E+06   0.109501E+00
   0.154755E+00   0.153328E+07   0.152524E+07  -0.157138E+01  -0.157210E+01   0.000000E+00   0.153202E+07   0.153202E+07   0.153202E+07  -0.363209E-01   0.805887E+06   0.805834E+06   0.113016E+00
   0.157507E+00   0.149032E+07   0.148213E+07  -0.147438E+01  -0.147505E+01   0.000000E+00   0.148904E+07   0.148904E+07   0.148904E+07  -0.353017E-01   0.783274E+06   0.783220E+06   0.114778E+00
   0.160260E+00   0.145019E+07   0.144193E+07  -0.138577E+01  -0.138641E+01   0.000000E+00   0.144889E+07   0.144889E+07   0.144889E+07  -0.343501E-01   0.762159E+06   0.762104E+06   0.114600E+00
   0.163013E+00   0.141320E+07   0.140497E+07  -0.130518E+01  -0.130578E+01   0.000000E+00   0.141191E+07   0.141191E+07   0.141191E+07  -0.334733E-01   0.742706E+06   0.742651E+06   0.112464E+00
   0.165766E+00   0.137953E+07   0.137143E+07  -0.123211E+01  -0.123268E+01   0.000000E+00   0.137826E+07   0.137826E+07   0.137826E+07  -0.326756E-01   0.725005E+06   0.724951E+06   0.108507E+00
   0.168519E+00   0.134916E+07   0.134127E+07  -0.116594E+01  -0.116648E+01   0.000000E+00   0.134792E+07   0.134792E+07   0.134792E+07  -0.319563E-01   0.709046E+06   0.708994E+06   0.102991E+00
   0.171272E+00   0.132187E+07   0.131427E+07  -0.110594E+01  -0.110645E+01   0.000000E+00   0.132068E+07   0.132068E+07   0.132068E+07  -0.313103E-01   0.694714E+06   0.694664E+06   0.962678E-01
   0.174025E+00   0.129726E+07   0.129002E+07  -0.105131E+01  -0.105179E+01   0.000000E+00   0.129613E+07   0.129613E+07   0.129613E+07  -0.307284E-01   0.681800E+06   0.681754E+06   0.887467E-01
   0.176778E+00   0.127485E+07   0.126799E+07  -0.100124E+01  -0.100170E+01   0.000000E+00   0.127377E+07   0.127377E+07   0.127377E+07  -0.301983E-01   0.670039E+06   0.669997E+06   0.808555E-01
   0.179530E+00   0.125407E+07   0.124763E+07  -0.954982E+00  -0.955422E+00   0.000000E+00   0.125306E+07   0.125306E+07   0.125306E+07  -0.297073E-01   0.659144E+06   0.659105E+06   0.730078E-01
   0.182283E+00   0.123441E+07   0.122838E+07  -0.911865E+00  -0.912284E+00   0.000000E+00   0.123347E+07   0.123347E+07   0.123347E+07  -0.292428E-01   0.648837E+06   0.648801E+06   0.655758E-01
   0.185036E+00   0.121541E+07   0.120975E+07  -0.871335E+00  -0.871736E+00   0.000000E+00   0.121452E+07   0.121452E+07   0.121452E+07  -0.287936E-01   0.638870E+06   0.638837E+06   0.588678E-01
   0.187789E+00   0.119665E+07   0.119134E+07  -0.832944E+00  -0.833327E+00   0.000000E+00   0.119582E+07   0.119582E+07   0.119582E+07  -0.283502E-01   0.629031E+06   0.629001E+06   0.531150E-01
   0.190542E+00   0.117782E+07   0.117279E+07  -0.796335E+00  -0.796701E+00   0.000000E+00   0.117703E+07   0.117703E+07   0.117703E+07  -0.279047E-01   0.619148E+06   0.619120E+06   0.484633E-01
   0.193295E+00   0.115864E+07   0.115385E+07  -0.761231E+00  -0.761582E+00   0.000000E+00   0.115789E+07   0.115789E+07   0.115789E+07  -0.274511E-01   0.609082E+06   0.609056E+06   0.449732E-01
   0.196048E+00   0.113895E+07   0.113433E+07  -0.727435E+00  -0.727769E+00   0.000000E+00   0.113823E+07   0.113823E+07   0.113823E+07  -0.269849E-01   0.598737E+06   0.598712E+06   0.426245E-01
   0.198800E+00   0.111865E+07   0.111413E+07  -0.694818E+00  -0.695138E+00   0.000000E+00   0.111794E+07   0.111794E+07   0.111794E+07  -0.265039E-01   0.588065E+06   0.588040E+06   0.413263E-01
   0.201553E+00   0.109773E+07   0.109325E+07  -0.663324E+00  -0.663629E+00   0.000000E+00   0.109703E+07   0.109703E+07   0.109703E+07  -0.260081E-01   0.577064E+06   0.577040E+06   0.409306E-01
   0.204306E+00   0.107629E+07   0.107181E+07  -0.632953E+00  -0.633244E+00   0.000000E+00   0.107559E+07   0.107559E+07   0.107559E+07  -0.254998E-01   0.565786E+06   0.565761E+06   0.412486E-01
   0.207059E+00   0.105450E+07   0.104998E+07  -0.603752E+00  -0.604029E+00   0.000000E+00   0.105379E+07   0.105379E+07   0.105379E+07  -0.249831E-01   0.554323E+06   0.554297E+06   0.420680E-01
   0.209812E+00   0.103260E+07   0.102801E+07  -0.575788E+00  -0.576053E+00   0.000000E+00   0.103188E+07   0.103188E+07   0.103188E+07  -0.244636E-01   0.542797E+06   0.542770E+06   0.431702E-01
   0.212565E+00   0.101084E+07   0.100617E+07  -0.549137E+00  -0.549389E+00   0.000000E+00   0.101011E+07   0.101011E+07   0.101011E+07  -0.239474E-01   0.531344E+06   0.531316E+06   0.443458E-01
   0.215318E+00   0.989476E+06   0.984724E+06  -0.523861E+00  -0.524102E+00   0.000000E+00   0.988732E+06   0.988732E+06   0.988732E+06  -0.234406E-01   0.520100E+06   0.520070E+06   0.454080E-01
   0.218070E+00   0.968746E+06   0.963925E+06  -0.500007E+00  -0.500237E+00   0.000000E+00   0.967991E+06   0.967991E+06   0.967991E+06  -0.229489E-01   0.509190E+06   0.509159E+06   0.462026E-01
   0.226792E+00   0.909338E+06   0.904468E+06  -0.433918E+00  -0.434117E+00   0.000000E+00   0.908575E+06   0.908575E+06   0.908575E+06  -0.215403E-01   0.477936E+06   0.477904E+06   0.459042E-01
   0.235863E+00   0.859814E+06   0.855232E+06  -0.379337E+00  -0.379512E+00   0.000000E+00   0.859096E+06   0.859096E+06   0.859096E+06  -0.203673E-01   0.451908E+06   0.451879E+06   0.408721E-01
   0.245296E+00   0.819192E+06   0.815143E+06  -0.334169E+00  -0.334323E+00   0.000000E+00   0.818558E+06   0.818558E+06   0.818558E+06  -0.194062E-01   0.430584E+06   0.430559E+06   0.332258E-01
   0.255106E+00   0.781692E+06   0.778156E+06  -0.294834E+00  -0.294969E+00   0.000000E+00   0.781138E+06   0.781138E+06   0.781138E+06  -0.185191E-01   0.410899E+06   0.410879E+06   0.266795E-01
   0.265309E+00   0.741858E+06   0.738593E+06  -0.258707E+00  -0.258826E+00   0.000000E+00   0.741346E+06   0.741346E+06   0.741346E+06  -0.175757E-01   0.389968E+06   0.389949E+06   0.236138E-01
   0.275920E+00   0.698554E+06   0.695314E+06  -0.225222E+00  -0.225326E+00   0.000000E+00   0.698047E+06   0.698047E+06   0.698047E+06  -0.165491E-01   0.367191E+06   0.367172E+06   0.234292E-01
   0.286956E+00   0.655438E+06   0.652173E+06  -0.195372E+00  -0.195461E+00   0.000000E+00   0.654927E+06   0.654927E+06   0.654927E+06  -0.155269E-01   0.344509E+06   0.344489E+06   0.234871E-01
   0.298432E+00   0.617362E+06   0.614222E+06  -0.170138E+00  -0.170216E+00   0.000000E+00   0.616870E+06   0.616870E+06   0.616870E+06  -0.146246E-01   0.324491E+06   0.324471E+06   0.217437E-01
   0.310368E+00   0.585057E+06   0.582202E+06  -0.149076E+00  -0.149145E+00   0.000000E+00   0.584610E+06   0.584610E+06   0.584610E+06  -0.138598E-01   0.307520E+06   0.307503E+06   0.185150E-01
   0.322781E+00   0.555308E+06   0.552733E+06  -0.130827E+00  -0.130887E+00   0.000000E+00   0.554905E+06   0.554905E+06   0.554905E+06  -0.131556E-01   0.291895E+06   0.291880E+06   0.156712E-01
   0.335691E+00   0.524512E+06   0.522079E+06  -0.114250E+00  -0.114302E+00   0.000000E+00   0.524131E+06   0.524131E+06   0.524131E+06  -0.124260E-01   0.275707E+06   0.275692E+06   0.143397E-01
   0.349117E+00   0.493093E+06   0.490711E+06  -0.993014E-01  -0.993470E-01   0.000000E+00   0.492720E+06   0.492720E+06   0.492720E+06  -0.116813E-01   0.259184E+06   0.259170E+06   0.138160E-01
   0.363080E+00   0.464008E+06   0.461721E+06  -0.863940E-01  -0.864338E-01   0.000000E+00   0.463650E+06   0.463650E+06   0.463650E+06  -0.109921E-01   0.243892E+06   0.243878E+06   0.128244E-01
   0.377601E+00   0.438410E+06   0.436297E+06  -0.754714E-01  -0.755061E-01   0.000000E+00   0.438079E+06   0.438079E+06   0.438079E+06  -0.103859E-01   0.230441E+06   0.230429E+06   0.112282E-01
   0.392703E+00   0.414394E+06   0.412442E+06  -0.659567E-01  -0.659870E-01   0.000000E+00   0.414088E+06   0.414088E+06   0.414088E+06  -0.981711E-02   0.217821E+06   0.217810E+06   0.987131E-02
   0.408409E+00   0.390327E+06   0.388469E+06  -0.574394E-01  -0.574658E-01   0.000000E+00   0.390036E+06   0.390036E+06   0.390036E+06  -0.924690E-02   0.205169E+06   0.205158E+06   0.911594E-02
   0.424743E+00   0.367134E+06   0.365355E+06  -0.499503E-01  -0.499733E-01   0.000000E+00   0.366855E+06   0.366855E+06   0.366855E+06  -0.869733E-02   0.192976E+06   0.192965E+06   0.845947E-02
   0.441731E+00   0.346030E+06   0.344364E+06  -0.435278E-01  -0.435478E-01   0.000000E+00   0.345769E+06   0.345769E+06   0.345769E+06  -0.819741E-02   0.181884E+06   0.181874E+06   0.757228E-02
   0.459398E+00   0.326332E+06   0.324779E+06  -0.379536E-01  -0.379711E-01   0.000000E+00   0.326089E+06   0.326089E+06   0.326089E+06  -0.773084E-02   0.171531E+06   0.171522E+06   0.674735E-02
   0.477771E+00   0.307164E+06   0.305695E+06  -0.330294E-01  -0.330446E-01   0.000000E+00   0.306934E+06   0.306934E+06   0.306934E+06  -0.727673E-02   0.161456E+06   0.161447E+06   0.616948E-02
   0.496880E+00   0.288981E+06   0.287590E+06  -0.287300E-01  -0.287432E-01   0.000000E+00   0.288763E+06   0.288763E+06   0.288763E+06  -0.684593E-02   0.151897E+06   0.151889E+06   0.562697E-02
   0.516752E+00   0.272134E+06   0.270831E+06  -0.250143E-01  -0.250258E-01   0.000000E+00   0.271930E+06   0.271930E+06   0.271930E+06  -0.644685E-02   0.143042E+06   0.143035E+06   0.504724E-02
   0.537420E+00   0.256134E+06   0.254910E+06  -0.217676E-01  -0.217776E-01   0.000000E+00   0.255942E+06   0.255942E+06   0.255942E+06  -0.606783E-02   0.134632E+06   0.134625E+06   0.456190E-02
   0.558914E+00   0.240878E+06   0.239723E+06  -0.189268E-01  -0.189355E-01   0.000000E+00   0.240697E+06   0.240697E+06   0.240697E+06  -0.570640E-02   0.126613E+06   0.126606E+06   0.414851E-02
   0.581267E+00   0.226597E+06   0.225512E+06  -0.164616E-01  -0.164692E-01   0.000000E+00   0.226427E+06   0.226427E+06   0.226427E+06  -0.536808E-02   0.119107E+06   0.119100E+06   0.374076E-02
   0.604515E+00   0.213113E+06   0.212093E+06  -0.143142E-01  -0.143208E-01   0.000000E+00   0.212953E+06   0.212953E+06   0.212953E+06  -0.504865E-02   0.112019E+06   0.112013E+06   0.337893E-02
   0.628692E+00   0.200335E+06   0.199376E+06  -0.124409E-01  -0.124466E-01   0.000000E+00   0.200185E+06   0.200185E+06   0.200185E+06  -0.474595E-02   0.105303E+06   0.105297E+06   0.306061E-02
   0.653837E+00   0.188327E+06   0.187426E+06  -0.108130E-01  -0.108179E-01   0.000000E+00   0.188186E+06   0.188186E+06   0.188186E+06  -0.446147E-02   0.989909E+05   0.989854E+05   0.276227E-02
   0.816543E+00   0.132125E+06   0.131492E+06  -0.486402E-02  -0.486626E-02   0.000000E+00   0.132026E+06   0.132026E+06   0.132026E+06  -0.313003E-02   0.694490E+05   0.694452E+05   0.155169E-02
   0.101974E+01   0.921485E+05   0.917077E+05  -0.217511E-02  -0.217611E-02   0.000000E+00   0.920795E+05   0.920795E+05   0.920795E+05  -0.218300E-02   0.484363E+05   0.484336E+05   0.866781E-03
   0.127350E+01   0.639268E+05   0.636210E+05  -0.967510E-03  -0.967955E-03   0.000000E+00   0.638789E+05   0.638789E+05   0.638789E+05  -0.151443E-02   0.336020E+05   0.336002E+05   0.481985E-03
   0.159041E+01   0.441355E+05   0.439245E+05  -0.428293E-03  -0.428490E-03   0.000000E+00   0.441025E+05   0.441025E+05   0.441025E+05  -0.104557E-02   0.231991E+05   0.231978E+05   0.267012E-03
   0.198618E+01   0.303400E+05   0.301949E+05  -0.188777E-03  -0.188863E-03   0.000000E+00   0.303172E+05   0.303172E+05   0.303172E+05  -0.718755E-03   0.159477E+05   0.159468E+05   0.147510E-03
   0.248044E+01   0.207747E+05   0.206753E+05  -0.828795E-04  -0.829177E-04   0.000000E+00   0.207591E+05   0.207591E+05   0.207591E+05  -0.492152E-03   0.109198E+05   0.109192E+05   0.813608E-04
   0.309769E+01   0.141743E+05   0.141065E+05  -0.362574E-04  -0.362741E-04   0.000000E+00   0.141637E+05   0.141637E+05   0.141637E+05  -0.335790E-03   0.745049E+04   0.745008E+04   0.448738E-04
   0.386855E+01   0.963964E+04   0.959351E+04  -0.158101E-04  -0.158174E-04   0.000000E+00   0.963241E+04   0.963241E+04   0.963241E+04  -0.228363E-03   0.506691E+04   0.506662E+04   0.248020E-04
   0.483124E+01   0.653626E+04   0.650496E+04  -0.687360E-05  -0.687676E-05   0.000000E+00   0.653136E+04   0.653136E+04   0.653136E+04  -0.154844E-03   0.343567E+04   0.343547E+04   0.137783E-04
   0.603348E+01   0.441997E+04   0.439878E+04  -0.298027E-05  -0.298164E-05   0.000000E+00   0.441665E+04   0.441665E+04   0.441665E+04  -0.104709E-03   0.232328E+04   0.232314E+04   0.772536E-05
   0.753491E+01   0.298144E+04   0.296712E+04  -0.128897E-05  -0.128956E-05   0.000000E+00   0.297920E+04   0.297920E+04   0.297920E+04  -0.706303E-04   0.156714E+04   0.156704E+04   0.439629E-05
   0.940996E+01   0.200649E+04   0.199682E+04  -0.556205E-06  -0.556461E-06   0.000000E+00   0.200498E+04   0.200498E+04   0.200498E+04  -0.475336E-04   0.105467E+04   0.105460E+04   0.255732E-05
   0.117516E+02   0.134750E+04   0.134097E+04  -0.239501E-06  -0.239611E-06   0.000000E+00   0.134648E+04   0.134648E+04   0.134648E+04  -0.319220E-04   0.708284E+03   0.708230E+03   0.153317E-05
   0.146760E+02   0.903163E+03   0.898751E+03  -0.102927E-06  -0.102974E-06   0.000000E+00   0.902471E+03   0.902471E+03   0.902471E+03  -0.213956E-04   0.474726E+03   0.474684E+03   0.955114E-06
   0.183281E+02   0.604239E+03   0.601251E+03  -0.441524E-07  -0.441727E-07   0.000000E+00   0.603771E+03   0.603771E+03   0.603771E+03  -0.143141E-04   0.317601E+03   0.317567E+03   0.622191E-06
   0.228890E+02   0.403559E+03   0.401525E+03  -0.189077E-07  -0.189164E-07   0.000000E+00   0.403240E+03   0.403240E+03   0.403240E+03  -0.955994E-05   0.212117E+03   0.212088E+03   0.424918E-06
   0.285849E+02   0.269093E+03   0.267696E+03  -0.808392E-08  -0.808764E-08   0.000000E+00   0.268874E+03   0.268874E+03   0.268874E+03  -0.637441E-05   0.141437E+03   0.141411E+03   0.303601E-06
   0.356983E+02   0.179153E+03   0.178182E+03  -0.345094E-08  -0.345252E-08   0.000000E+00   0.179001E+03   0.179001E+03   0.179001E+03  -0.424371E-05   0.941609E+02   0.941368E+02   0.225597E-06
   0.445817E+02   0.119093E+03   0.118405E+03  -0.147097E-08  -0.147164E-08   0.000000E+00   0.118986E+03   0.118986E+03   0.118986E+03  -0.282089E-05   0.625915E+02   0.625684E+02   0.172945E-06
   0.556759E+02   0.790487E+02   0.785476E+02  -0.626070E-09  -0.626357E-09   0.000000E+00   0.789702E+02   0.789702E+02   0.789702E+02  -0.187221E-05   0.415424E+02   0.415198E+02   0.135656E-06
   0.695307E+02   0.523865E+02   0.520087E+02  -0.266059E-09  -0.266181E-09   0.000000E+00   0.523273E+02   0.523273E+02   0.523273E+02  -0.124057E-05   0.275276E+02   0.275051E+02   0.108081E-06
   0.868334E+02   0.346577E+02   0.343610E+02  -0.112880E-09  -0.112932E-09   0.000000E+00   0.346112E+02   0.346112E+02   0.346112E+02  -0.820556E-06   0.182085E+02   0.181859E+02   0.869430E-07
   0.108442E+03   0.228836E+02   0.226399E+02  -0.478018E-10  -0.478237E-10   0.000000E+00   0.228455E+02   0.228455E+02   0.228455E+02  -0.541615E-06   0.120195E+02   0.119966E+02   0.702768E-07
   0.135427E+03   0.150733E+02   0.148644E+02  -0.201974E-10  -0.202067E-10   0.000000E+00   0.150406E+02   0.150406E+02   0.150406E+02  -0.356579E-06   0.791395E+01   0.789087E+01   0.568491E-07
   0.169128E+03   0.989842E+01   0.971276E+01  -0.850983E-11  -0.851372E-11   0.000000E+00   0.986934E+01   0.986934E+01   0.986934E+01  -0.233980E-06   0.519376E+01   0.517051E+01   0.458486E-07
   0.211216E+03   0.647411E+01   0.630489E+01  -0.357234E-11  -0.357396E-11   0.000000E+00   0.644760E+01   0.644760E+01   0.644760E+01  -0.152858E-06   0.339384E+01   0.337059E+01   0.367171E-07
   0.263777E+03   0.421205E+01   0.405596E+01  -0.149246E-11  -0.149313E-11   0.000000E+00   0.418760E+01   0.418760E+01   0.418760E+01  -0.992787E-07   0.220499E+01   0.218201E+01   0.290615E-07
   0.329417E+03   0.272176E+01   0.257818E+01  -0.619737E-12  -0.620014E-12   0.000000E+00   0.269927E+01   0.269927E+01   0.269927E+01  -0.639938E-07   0.142202E+01   0.139969E+01   0.226113E-07
