#           k/h    P           
    0.10000E-03    0.45256E+03
    0.10202E-03    0.46093E+03
    0.10408E-03    0.46947E+03
    0.10618E-03    0.47819E+03
    0.10833E-03    0.48709E+03
    0.11052E-03    0.49618E+03
    0.11275E-03    0.50546E+03
    0.11503E-03    0.51494E+03
    0.11735E-03    0.52461E+03
    0.11972E-03    0.53448E+03
    0.12214E-03    0.54455E+03
    0.12461E-03    0.55483E+03
    0.12712E-03    0.56532E+03
    0.12969E-03    0.57603E+03
    0.13231E-03    0.58695E+03
    0.13499E-03    0.59809E+03
    0.13771E-03    0.60945E+03
    0.14049E-03    0.62104E+03
    0.14333E-03    0.63285E+03
    0.14623E-03    0.64491E+03
    0.14918E-03    0.65719E+03
    0.15220E-03    0.66972E+03
    0.15527E-03    0.68250E+03
    0.15841E-03    0.69553E+03
    0.16161E-03    0.70881E+03
    0.16487E-03    0.72235E+03
    0.16820E-03    0.73617E+03
    0.17160E-03    0.75025E+03
    0.17507E-03    0.76461E+03
    0.17860E-03    0.77925E+03
    0.18221E-03    0.79418E+03
    0.18589E-03    0.80940E+03
    0.18965E-03    0.82492E+03
    0.19348E-03    0.84075E+03
    0.19739E-03    0.85689E+03
    0.20138E-03    0.87334E+03
    0.20544E-03    0.89012E+03
    0.20959E-03    0.90723E+03
    0.21383E-03    0.92467E+03
    0.21815E-03    0.94246E+03
    0.22255E-03    0.96059E+03
    0.22705E-03    0.97908E+03
    0.23164E-03    0.99793E+03
    0.23632E-03    0.10172E+04
    0.24109E-03    0.10367E+04
    0.24596E-03    0.10567E+04
    0.25093E-03    0.10771E+04
    0.25600E-03    0.10979E+04
    0.26117E-03    0.11190E+04
    0.26645E-03    0.11406E+04
    0.27183E-03    0.11626E+04
    0.27732E-03    0.11850E+04
    0.28292E-03    0.12079E+04
    0.28864E-03    0.12312E+04
    0.29447E-03    0.12549E+04
    0.30042E-03    0.12791E+04
    0.30649E-03    0.13038E+04
    0.31268E-03    0.13290E+04
    0.31899E-03    0.13546E+04
    0.32544E-03    0.13808E+04
    0.33201E-03    0.14074E+04
    0.33872E-03    0.14346E+04
    0.34556E-03    0.14622E+04
    0.35254E-03    0.14904E+04
    0.35966E-03    0.15192E+04
    0.36693E-03    0.15485E+04
    0.37434E-03    0.15784E+04
    0.38190E-03    0.16088E+04
    0.38962E-03    0.16398E+04
    0.39749E-03    0.16714E+04
    0.40552E-03    0.17037E+04
    0.41371E-03    0.17365E+04
    0.42207E-03    0.17700E+04
    0.43060E-03    0.18041E+04
    0.43929E-03    0.18388E+04
    0.44817E-03    0.18743E+04
    0.45722E-03    0.19103E+04
    0.46646E-03    0.19471E+04
    0.47588E-03    0.19846E+04
    0.48550E-03    0.20228E+04
    0.49530E-03    0.20617E+04
    0.50531E-03    0.21013E+04
    0.51552E-03    0.21417E+04
    0.52593E-03    0.21829E+04
    0.53656E-03    0.22248E+04
    0.54739E-03    0.22675E+04
    0.55845E-03    0.23111E+04
    0.56973E-03    0.23554E+04
    0.58124E-03    0.24006E+04
    0.59299E-03    0.24466E+04
    0.60496E-03    0.24935E+04
    0.61719E-03    0.25412E+04
    0.62965E-03    0.25899E+04
    0.64237E-03    0.26394E+04
    0.65535E-03    0.26899E+04
    0.66859E-03    0.27413E+04
    0.68210E-03    0.27937E+04
    0.69588E-03    0.28470E+04
    0.70993E-03    0.29013E+04
    0.72427E-03    0.29566E+04
    0.73891E-03    0.30130E+04
    0.75383E-03    0.30703E+04
    0.76906E-03    0.31287E+04
    0.78460E-03    0.31882E+04
    0.80045E-03    0.32488E+04
    0.81662E-03    0.33105E+04
    0.83311E-03    0.33733E+04
    0.84994E-03    0.34372E+04
    0.86711E-03    0.35023E+04
    0.88463E-03    0.35686E+04
    0.90250E-03    0.36361E+04
    0.92073E-03    0.37047E+04
    0.93933E-03    0.37746E+04
    0.95831E-03    0.38458E+04
    0.97767E-03    0.39182E+04
    0.99742E-03    0.39919E+04
    0.10176E-02    0.40669E+04
    0.10381E-02    0.41433E+04
    0.10591E-02    0.42209E+04
    0.10805E-02    0.43000E+04
    0.11023E-02    0.43804E+04
    0.11246E-02    0.44623E+04
    0.11473E-02    0.45455E+04
    0.11705E-02    0.46302E+04
    0.11941E-02    0.47164E+04
    0.12182E-02    0.48040E+04
    0.12429E-02    0.48932E+04
    0.12680E-02    0.49838E+04
    0.12936E-02    0.50760E+04
    0.13197E-02    0.51698E+04
    0.13464E-02    0.52651E+04
    0.13736E-02    0.53621E+04
    0.14013E-02    0.54606E+04
    0.14296E-02    0.55608E+04
    0.14585E-02    0.56626E+04
    0.14880E-02    0.57662E+04
    0.15180E-02    0.58714E+04
    0.15487E-02    0.59783E+04
    0.15800E-02    0.60870E+04
    0.16119E-02    0.61974E+04
    0.16445E-02    0.63095E+04
    0.16777E-02    0.64235E+04
    0.17116E-02    0.65393E+04
    0.17462E-02    0.66568E+04
    0.17814E-02    0.67762E+04
    0.18174E-02    0.68975E+04
    0.18541E-02    0.70206E+04
    0.18916E-02    0.71456E+04
    0.19298E-02    0.72725E+04
    0.19688E-02    0.74012E+04
    0.20086E-02    0.75319E+04
    0.20491E-02    0.76646E+04
    0.20905E-02    0.77992E+04
    0.21328E-02    0.79357E+04
    0.21758E-02    0.80742E+04
    0.22198E-02    0.82147E+04
    0.22646E-02    0.83572E+04
    0.23104E-02    0.85017E+04
    0.23571E-02    0.86482E+04
    0.24047E-02    0.87967E+04
    0.24533E-02    0.89472E+04
    0.25028E-02    0.90997E+04
    0.25534E-02    0.92542E+04
    0.26050E-02    0.94108E+04
    0.26576E-02    0.95694E+04
    0.27113E-02    0.97300E+04
    0.27660E-02    0.98927E+04
    0.28219E-02    0.10057E+05
    0.28789E-02    0.10224E+05
    0.29371E-02    0.10393E+05
    0.29964E-02    0.10563E+05
    0.30569E-02    0.10736E+05
    0.31187E-02    0.10911E+05
    0.31817E-02    0.11088E+05
    0.32460E-02    0.11266E+05
    0.33115E-02    0.11447E+05
    0.33784E-02    0.11629E+05
    0.34467E-02    0.11814E+05
    0.35163E-02    0.12000E+05
    0.35874E-02    0.12189E+05
    0.36598E-02    0.12379E+05
    0.37338E-02    0.12571E+05
    0.38092E-02    0.12764E+05
    0.38861E-02    0.12960E+05
    0.39646E-02    0.13157E+05
    0.40447E-02    0.13356E+05
    0.41264E-02    0.13556E+05
    0.42098E-02    0.13759E+05
    0.42948E-02    0.13962E+05
    0.43816E-02    0.14168E+05
    0.44701E-02    0.14374E+05
    0.45604E-02    0.14583E+05
    0.46525E-02    0.14792E+05
    0.47465E-02    0.15003E+05
    0.48424E-02    0.15215E+05
    0.49402E-02    0.15429E+05
    0.50400E-02    0.15643E+05
    0.51419E-02    0.15859E+05
    0.52457E-02    0.16075E+05
    0.53517E-02    0.16293E+05
    0.54598E-02    0.16511E+05
    0.55701E-02    0.16730E+05
    0.56826E-02    0.16950E+05
    0.57974E-02    0.17170E+05
    0.59145E-02    0.17391E+05
    0.60340E-02    0.17612E+05
    0.61559E-02    0.17834E+05
    0.62803E-02    0.18055E+05
    0.64072E-02    0.18277E+05
    0.65366E-02    0.18498E+05
    0.66686E-02    0.18719E+05
    0.68033E-02    0.18940E+05
    0.69408E-02    0.19161E+05
    0.70810E-02    0.19380E+05
    0.72240E-02    0.19599E+05
    0.73700E-02    0.19818E+05
    0.75189E-02    0.20034E+05
    0.76708E-02    0.20250E+05
    0.78257E-02    0.20464E+05
    0.79838E-02    0.20677E+05
    0.81451E-02    0.20889E+05
    0.83096E-02    0.21098E+05
    0.84775E-02    0.21305E+05
    0.86488E-02    0.21511E+05
    0.88235E-02    0.21713E+05
    0.90017E-02    0.21913E+05
    0.91836E-02    0.22111E+05
    0.93691E-02    0.22305E+05
    0.95583E-02    0.22496E+05
    0.97514E-02    0.22684E+05
    0.99484E-02    0.22868E+05
    0.10149E-01    0.23048E+05
    0.10354E-01    0.23224E+05
    0.10564E-01    0.23396E+05
    0.10777E-01    0.23563E+05
    0.10995E-01    0.23725E+05
    0.11217E-01    0.23882E+05
    0.11443E-01    0.24034E+05
    0.11675E-01    0.24180E+05
    0.11910E-01    0.24320E+05
    0.12151E-01    0.24455E+05
    0.12397E-01    0.24582E+05
    0.12647E-01    0.24703E+05
    0.12902E-01    0.24818E+05
    0.13163E-01    0.24925E+05
    0.13429E-01    0.25024E+05
    0.13700E-01    0.25116E+05
    0.13977E-01    0.25200E+05
    0.14259E-01    0.25275E+05
    0.14547E-01    0.25342E+05
    0.14841E-01    0.25400E+05
    0.15141E-01    0.25448E+05
    0.15447E-01    0.25488E+05
    0.15759E-01    0.25518E+05
    0.16077E-01    0.25537E+05
    0.16402E-01    0.25547E+05
    0.16734E-01    0.25546E+05
    0.17072E-01    0.25535E+05
    0.17416E-01    0.25513E+05
    0.17768E-01    0.25480E+05
    0.18127E-01    0.25435E+05
    0.18493E-01    0.25379E+05
    0.18867E-01    0.25312E+05
    0.19248E-01    0.25233E+05
    0.19637E-01    0.25142E+05
    0.20034E-01    0.25039E+05
    0.20438E-01    0.24924E+05
    0.20851E-01    0.24796E+05
    0.21272E-01    0.24657E+05
    0.21702E-01    0.24506E+05
    0.22141E-01    0.24343E+05
    0.22588E-01    0.24167E+05
    0.23044E-01    0.23980E+05
    0.23510E-01    0.23781E+05
    0.23985E-01    0.23571E+05
    0.24469E-01    0.23349E+05
    0.24964E-01    0.23116E+05
    0.25468E-01    0.22873E+05
    0.25982E-01    0.22619E+05
    0.26507E-01    0.22355E+05
    0.27043E-01    0.22082E+05
    0.27589E-01    0.21800E+05
    0.28146E-01    0.21509E+05
    0.28715E-01    0.21210E+05
    0.29295E-01    0.20904E+05
    0.29887E-01    0.20591E+05
    0.30490E-01    0.20273E+05
    0.31106E-01    0.19949E+05
    0.31735E-01    0.19621E+05
    0.32376E-01    0.19290E+05
    0.33030E-01    0.18955E+05
    0.33697E-01    0.18620E+05
    0.34378E-01    0.18283E+05
    0.35072E-01    0.17946E+05
    0.35781E-01    0.17611E+05
    0.36504E-01    0.17278E+05
    0.37241E-01    0.16946E+05
    0.37993E-01    0.16616E+05
    0.38761E-01    0.16289E+05
    0.39544E-01    0.15967E+05
    0.40343E-01    0.15651E+05
    0.41158E-01    0.15343E+05
    0.41989E-01    0.15044E+05
    0.42838E-01    0.14753E+05
    0.43703E-01    0.14472E+05
    0.44586E-01    0.14201E+05
    0.45486E-01    0.13940E+05
    0.46405E-01    0.13691E+05
    0.47343E-01    0.13452E+05
    0.48299E-01    0.13223E+05
    0.49275E-01    0.13004E+05
    0.50270E-01    0.12796E+05
    0.51286E-01    0.12596E+05
    0.52322E-01    0.12405E+05
    0.53379E-01    0.12221E+05
    0.54457E-01    0.12044E+05
    0.55557E-01    0.11874E+05
    0.56680E-01    0.11708E+05
    0.57825E-01    0.11546E+05
    0.58993E-01    0.11393E+05
    0.60184E-01    0.11247E+05
    0.61400E-01    0.11102E+05
    0.62641E-01    0.10950E+05
    0.63906E-01    0.10795E+05
    0.65197E-01    0.10639E+05
    0.66514E-01    0.10479E+05
    0.67858E-01    0.10311E+05
    0.69229E-01    0.10135E+05
    0.70627E-01    0.99493E+04
    0.72054E-01    0.97526E+04
    0.73510E-01    0.95441E+04
    0.74994E-01    0.93236E+04
    0.76509E-01    0.90914E+04
    0.78055E-01    0.88483E+04
    0.79632E-01    0.85957E+04
    0.81241E-01    0.83353E+04
    0.82882E-01    0.80693E+04
    0.84556E-01    0.78000E+04
    0.86264E-01    0.75299E+04
    0.88007E-01    0.72615E+04
    0.89785E-01    0.69972E+04
    0.91598E-01    0.67393E+04
    0.93449E-01    0.64899E+04
    0.95337E-01    0.62512E+04
    0.97263E-01    0.60250E+04
    0.99227E-01    0.58132E+04
    0.10123E+00    0.56172E+04
    0.10328E+00    0.54380E+04
    0.10536E+00    0.52762E+04
    0.10749E+00    0.51315E+04
    0.10966E+00    0.50034E+04
    0.11188E+00    0.48903E+04
    0.11414E+00    0.47901E+04
    0.11644E+00    0.47002E+04
    0.11880E+00    0.46176E+04
    0.12120E+00    0.45386E+04
    0.12365E+00    0.44597E+04
    0.12614E+00    0.43772E+04
    0.12869E+00    0.42878E+04
    0.13129E+00    0.41886E+04
    0.13394E+00    0.40780E+04
    0.13665E+00    0.39557E+04
    0.13941E+00    0.38225E+04
    0.14223E+00    0.36807E+04
    0.14510E+00    0.35331E+04
    0.14803E+00    0.33829E+04
    0.15102E+00    0.32335E+04
    0.15407E+00    0.30884E+04
    0.15718E+00    0.29507E+04
    0.16036E+00    0.28238E+04
    0.16360E+00    0.27101E+04
    0.16690E+00    0.26112E+04
    0.17028E+00    0.25271E+04
    0.17371E+00    0.24561E+04
    0.17722E+00    0.23952E+04
    0.18080E+00    0.23411E+04
    0.18446E+00    0.22900E+04
    0.18818E+00    0.22385E+04
    0.19198E+00    0.21835E+04
    0.19586E+00    0.21225E+04
    0.19982E+00    0.20540E+04
    0.20386E+00    0.19781E+04
    0.20797E+00    0.18964E+04
    0.21218E+00    0.18121E+04
    0.21646E+00    0.17285E+04
    0.22083E+00    0.16490E+04
    0.22530E+00    0.15762E+04
    0.22985E+00    0.15122E+04
    0.23449E+00    0.14572E+04
    0.23923E+00    0.14106E+04
    0.24406E+00    0.13700E+04
    0.24899E+00    0.13323E+04
    0.25402E+00    0.12948E+04
    0.25915E+00    0.12549E+04
    0.26439E+00    0.12115E+04
    0.26973E+00    0.11643E+04
    0.27518E+00    0.11148E+04
    0.28074E+00    0.10650E+04
    0.28641E+00    0.10174E+04
    0.29219E+00    0.97394E+03
    0.29810E+00    0.93531E+03
    0.30412E+00    0.90149E+03
    0.31026E+00    0.87110E+03
    0.31653E+00    0.84247E+03
    0.32292E+00    0.81388E+03
    0.32945E+00    0.78402E+03
    0.33610E+00    0.75283E+03
    0.34289E+00    0.72085E+03
    0.34982E+00    0.68956E+03
    0.35689E+00    0.66025E+03
    0.36409E+00    0.63344E+03
    0.37145E+00    0.60916E+03
    0.37895E+00    0.58661E+03
    0.38661E+00    0.56491E+03
    0.39442E+00    0.54323E+03
    0.40239E+00    0.52123E+03
    0.41052E+00    0.49934E+03
    0.41881E+00    0.47810E+03
    0.42727E+00    0.45813E+03
    0.43590E+00    0.43963E+03
    0.44471E+00    0.42225E+03
    0.45369E+00    0.40558E+03
    0.46286E+00    0.38920E+03
    0.47221E+00    0.37303E+03
    0.48174E+00    0.35730E+03
    0.49148E+00    0.34224E+03
    0.50141E+00    0.32802E+03
    0.51153E+00    0.31456E+03
    0.52187E+00    0.30161E+03
    0.53241E+00    0.28906E+03
    0.54317E+00    0.27686E+03
    0.55414E+00    0.26510E+03
    0.56533E+00    0.25388E+03
    0.57675E+00    0.24319E+03
    0.58840E+00    0.23294E+03
    0.60029E+00    0.22307E+03
    0.61242E+00    0.21354E+03
    0.62479E+00    0.20439E+03
    0.63741E+00    0.19563E+03
    0.65029E+00    0.18726E+03
    0.66342E+00    0.17923E+03
    0.67683E+00    0.17151E+03
    0.69050E+00    0.16411E+03
    0.70445E+00    0.15701E+03
    0.71868E+00    0.15019E+03
    0.73320E+00    0.14365E+03
    0.74801E+00    0.13738E+03
    0.76312E+00    0.13138E+03
    0.77854E+00    0.12562E+03
    0.79426E+00    0.12010E+03
    0.81031E+00    0.11481E+03
    0.82668E+00    0.10975E+03
    0.84338E+00    0.10490E+03
    0.86041E+00    0.10025E+03
    0.87780E+00    0.95809E+02
    0.89553E+00    0.91552E+02
    0.91362E+00    0.87477E+02
    0.93208E+00    0.83576E+02
    0.95091E+00    0.79842E+02
    0.97011E+00    0.76268E+02
    0.98971E+00    0.72848E+02
    0.10097E+01    0.69575E+02
    0.10301E+01    0.66443E+02
    0.10509E+01    0.63447E+02
    0.10721E+01    0.60580E+02
    0.10938E+01    0.57838E+02
    0.11159E+01    0.55215E+02
    0.11384E+01    0.52707E+02
    0.11614E+01    0.50308E+02
    0.11849E+01    0.48015E+02
    0.12088E+01    0.45822E+02
    0.12333E+01    0.43727E+02
    0.12582E+01    0.41723E+02
    0.12836E+01    0.39809E+02
    0.13095E+01    0.37979E+02
    0.13360E+01    0.36231E+02
    0.13630E+01    0.34561E+02
    0.13905E+01    0.32965E+02
    0.14186E+01    0.31440E+02
    0.14472E+01    0.29984E+02
    0.14765E+01    0.28593E+02
    0.15063E+01    0.27265E+02
    0.15367E+01    0.25996E+02
    0.15678E+01    0.24785E+02
    0.15994E+01    0.23629E+02
    0.16318E+01    0.22525E+02
    0.16647E+01    0.21471E+02
    0.16984E+01    0.20465E+02
    0.17327E+01    0.19504E+02
    0.17677E+01    0.18588E+02
    0.18034E+01    0.17713E+02
    0.18398E+01    0.16879E+02
    0.18770E+01    0.16083E+02
    0.19149E+01    0.15323E+02
    0.19536E+01    0.14598E+02
    0.19930E+01    0.13907E+02
    0.20333E+01    0.13247E+02
    0.20744E+01    0.12618E+02
    0.21163E+01    0.12018E+02
    0.21590E+01    0.11446E+02
    0.22026E+01    0.10901E+02
    0.22471E+01    0.10381E+02
    0.22925E+01    0.98847E+01
    0.23388E+01    0.94119E+01
    0.23861E+01    0.89612E+01
    0.24343E+01    0.85316E+01
    0.24835E+01    0.81221E+01
    0.25336E+01    0.77318E+01
    0.25848E+01    0.73598E+01
    0.26370E+01    0.70054E+01
    0.26903E+01    0.66676E+01
    0.27447E+01    0.63458E+01
    0.28001E+01    0.60391E+01
    0.28567E+01    0.57470E+01
    0.29144E+01    0.54687E+01
    0.29733E+01    0.52036E+01
    0.30333E+01    0.49511E+01
    0.30946E+01    0.47106E+01
    0.31571E+01    0.44815E+01
    0.32209E+01    0.42634E+01
    0.32860E+01    0.40556E+01
    0.33523E+01    0.38578E+01
    0.34201E+01    0.36695E+01
    0.34892E+01    0.34901E+01
    0.35596E+01    0.33194E+01
    0.36316E+01    0.31569E+01
    0.37049E+01    0.30021E+01
    0.37798E+01    0.28548E+01
    0.38561E+01    0.27147E+01
    0.39340E+01    0.25812E+01
    0.40135E+01    0.24542E+01
    0.40946E+01    0.23334E+01
    0.41773E+01    0.22184E+01
    0.42617E+01    0.21089E+01
    0.43478E+01    0.20048E+01
    0.44356E+01    0.19057E+01
    0.45252E+01    0.18115E+01
    0.46166E+01    0.17218E+01
    0.47099E+01    0.16365E+01
    0.48050E+01    0.15553E+01
    0.49021E+01    0.14781E+01
    0.50011E+01    0.14047E+01
    0.51021E+01    0.13349E+01
    0.52052E+01    0.12685E+01
    0.53104E+01    0.12053E+01
    0.54176E+01    0.11452E+01
    0.55271E+01    0.10881E+01
    0.56387E+01    0.10338E+01
    0.57526E+01    0.98217E+00
    0.58689E+01    0.93307E+00
    0.59874E+01    0.88638E+00
    0.61084E+01    0.84200E+00
    0.62318E+01    0.79981E+00
    0.63577E+01    0.75970E+00
    0.64861E+01    0.72158E+00
    0.66171E+01    0.68534E+00
    0.67508E+01    0.65089E+00
    0.68872E+01    0.61816E+00
    0.70263E+01    0.58704E+00
    0.71682E+01    0.55747E+00
    0.73130E+01    0.52938E+00
    0.74608E+01    0.50267E+00
    0.76115E+01    0.47730E+00
    0.77653E+01    0.45319E+00
    0.79221E+01    0.43029E+00
    0.80822E+01    0.40852E+00
    0.82454E+01    0.38785E+00
    0.84120E+01    0.36820E+00
    0.85819E+01    0.34954E+00
    0.87553E+01    0.33181E+00
    0.89322E+01    0.31497E+00
    0.91126E+01    0.29898E+00
    0.92967E+01    0.28379E+00
    0.94845E+01    0.26936E+00
    0.96761E+01    0.25565E+00
    0.98716E+01    0.24264E+00
    0.10071E+02    0.23027E+00
    0.10274E+02    0.21854E+00
    0.10482E+02    0.20739E+00
    0.10694E+02    0.19680E+00
    0.10910E+02    0.18675E+00
    0.11130E+02    0.17721E+00
    0.11355E+02    0.16815E+00
    0.11584E+02    0.15955E+00
    0.11818E+02    0.15138E+00
    0.12057E+02    0.14362E+00
    0.12301E+02    0.13626E+00
    0.12549E+02    0.12927E+00
    0.12803E+02    0.12264E+00
    0.13061E+02    0.11634E+00
    0.13325E+02    0.11037E+00
    0.13594E+02    0.10469E+00
    0.13869E+02    0.99310E-01
    0.14149E+02    0.94200E-01
    0.14435E+02    0.89350E-01
    0.14727E+02    0.84747E-01
    0.15024E+02    0.80379E-01
    0.15328E+02    0.76234E-01
    0.15637E+02    0.72300E-01
    0.15953E+02    0.68568E-01
    0.16275E+02    0.65026E-01
    0.16604E+02    0.61665E-01
    0.16940E+02    0.58477E-01
    0.17282E+02    0.55452E-01
    0.17631E+02    0.52581E-01
    0.17987E+02    0.49858E-01
    0.18351E+02    0.47275E-01
    0.18721E+02    0.44824E-01
    0.19099E+02    0.42499E-01
    0.19485E+02    0.40294E-01
    0.19879E+02    0.38202E-01
    0.20280E+02    0.36217E-01
    0.20690E+02    0.34335E-01
    0.21108E+02    0.32550E-01
    0.21535E+02    0.30856E-01
    0.21970E+02    0.29250E-01
    0.22413E+02    0.27727E-01
    0.22866E+02    0.26283E-01
    0.23328E+02    0.24913E-01
    0.23799E+02    0.23614E-01
    0.24280E+02    0.22382E-01
    0.24771E+02    0.21213E-01
    0.25271E+02    0.20106E-01
    0.25782E+02    0.19055E-01
    0.26302E+02    0.18059E-01
    0.26834E+02    0.17115E-01
    0.27376E+02    0.16219E-01
    0.27929E+02    0.15370E-01
    0.28493E+02    0.14566E-01
    0.29069E+02    0.13802E-01
    0.29656E+02    0.13079E-01
    0.30255E+02    0.12393E-01
    0.30866E+02    0.11743E-01
    0.31490E+02    0.11127E-01
    0.32126E+02    0.10542E-01
    0.32775E+02    0.99885E-02
    0.33437E+02    0.94636E-02
    0.34112E+02    0.89660E-02
    0.34801E+02    0.84943E-02
    0.35504E+02    0.80473E-02
    0.36222E+02    0.76236E-02
    0.36953E+02    0.72220E-02
    0.37700E+02    0.68414E-02
    0.38462E+02    0.64808E-02
    0.39239E+02    0.61389E-02
    0.40031E+02    0.58150E-02
    0.40840E+02    0.55080E-02
    0.41665E+02    0.52171E-02
    0.42507E+02    0.49414E-02
    0.43365E+02    0.46802E-02
    0.44241E+02    0.44327E-02
    0.45135E+02    0.41982E-02
    0.46047E+02    0.39760E-02
    0.46977E+02    0.37654E-02
    0.47926E+02    0.35659E-02
    0.48894E+02    0.33769E-02
    0.49882E+02    0.31978E-02
    0.50890E+02    0.30282E-02
    0.51918E+02    0.28675E-02
    0.52966E+02    0.27152E-02
    0.54036E+02    0.25709E-02
    0.55128E+02    0.24343E-02
    0.56242E+02    0.23049E-02
    0.57378E+02    0.21822E-02
    0.58537E+02    0.20661E-02
    0.59720E+02    0.19561E-02
    0.60926E+02    0.18519E-02
    0.62157E+02    0.17532E-02
    0.63412E+02    0.16597E-02
    0.64693E+02    0.15711E-02
    0.66000E+02    0.14873E-02
    0.67334E+02    0.14078E-02
    0.68694E+02    0.13326E-02
    0.70082E+02    0.12614E-02
    0.71497E+02    0.11939E-02
    0.72942E+02    0.11300E-02
    0.74415E+02    0.10695E-02
    0.75918E+02    0.10122E-02
    0.77452E+02    0.95797E-03
    0.79017E+02    0.90660E-03
    0.80613E+02    0.85795E-03
    0.82241E+02    0.81189E-03
    0.83903E+02    0.76828E-03
    0.85598E+02    0.72698E-03
    0.87327E+02    0.68789E-03
    0.89091E+02    0.65087E-03
    0.90891E+02    0.61582E-03
    0.92727E+02    0.58265E-03
    0.94600E+02    0.55124E-03
    0.96511E+02    0.52150E-03
    0.98461E+02    0.49335E-03
    0.10045E+03    0.46670E-03
    0.10248E+03    0.44148E-03
    0.10455E+03    0.41760E-03
    0.10666E+03    0.39499E-03
    0.10882E+03    0.37360E-03
    0.11101E+03    0.35335E-03
    0.11326E+03    0.33418E-03
    0.11554E+03    0.31604E-03
    0.11788E+03    0.29887E-03
    0.12026E+03    0.28262E-03
    0.12269E+03    0.26724E-03
    0.12517E+03    0.25269E-03
    0.12770E+03    0.23892E-03
    0.13028E+03    0.22589E-03
    0.13291E+03    0.21355E-03
    0.13559E+03    0.20188E-03
    0.13833E+03    0.19084E-03
    0.14113E+03    0.18039E-03
    0.14398E+03    0.17051E-03
    0.14689E+03    0.16115E-03
    0.14985E+03    0.15231E-03
    0.15288E+03    0.14393E-03
    0.15597E+03    0.13601E-03
    0.15912E+03    0.12852E-03
    0.16233E+03    0.12143E-03
    0.16561E+03    0.11473E-03
    0.16896E+03    0.10838E-03
    0.17237E+03    0.10238E-03
    0.17585E+03    0.96710E-04
    0.17941E+03    0.91343E-04
    0.18303E+03    0.86267E-04
    0.18673E+03    0.81467E-04
    0.19050E+03    0.76928E-04
    0.19435E+03    0.72637E-04
    0.19828E+03    0.68579E-04
    0.20228E+03    0.64743E-04
    0.20637E+03    0.61116E-04
    0.21054E+03    0.57688E-04
    0.21479E+03    0.54448E-04
    0.21913E+03    0.51385E-04
    0.22356E+03    0.48490E-04
    0.22807E+03    0.45753E-04
    0.23268E+03    0.43165E-04
    0.23738E+03    0.40720E-04
    0.24217E+03    0.38408E-04
    0.24707E+03    0.36222E-04
    0.25206E+03    0.34156E-04
    0.25715E+03    0.32204E-04
    0.26234E+03    0.30358E-04
    0.26764E+03    0.28613E-04
    0.27305E+03    0.26965E-04
    0.27857E+03    0.25408E-04
    0.28419E+03    0.23938E-04
    0.28994E+03    0.22550E-04
    0.29579E+03    0.21242E-04
    0.30177E+03    0.20007E-04
    0.30786E+03    0.18843E-04
    0.31408E+03    0.17746E-04
    0.32043E+03    0.16712E-04
    0.32690E+03    0.15738E-04
